961294633
962311492
961837366
882621102
961383520
961371857
961371458
585726548
901581577
256648944
268650776
882181863
961634642
885679050
937901177
936877682
319484710
530983928
322285242
224048436
319341495
444852157
946850728
962191053
916327731
916327558
916327483
254515737
241868510
230659520
949260624
265344543
858438079
279006363
353093802
961226956
949030097
869053100
496227855
961687759
295785734
922709670
222717766
244376726
241806837
234643134
252756768
171966216
258347562
237720676
257974881
267900035
256587544
580766727
886627713
358141519
280178203
225135741
266136521
962028366
949260690
962152085
278762743
962323526
247917303
250078813
949259986
269193185
275177625
230900956
233964813
230089312
235698190
234641109
949263228
936251302
960186227
889429129
259401797
253565476
234137507
918314063
918314134
482815677
865612618
280680925
740619786
285131906
520450886
949262623
949256904
959136086
240040716
231212465
278995321
953770534
361543308
314574528
221486006
248817158
233414096
520456407
263567444
424034002
222894713
313510368
232159579
314837054
937997409
232713727
317583764
271799101
918357756
522032128
343190236
280300305
311355724
918313880
390825527
949261744
949260289
429143057
456866183
918286046
918357624
393738164
430605756
427760765
451204321
332862002
726199543
366089726
284218032
431430710
367349591
918313900
312938366
376582036
383815749
332222305
420014276
394501967
349758989
284167032
417795153
900664721
381944099
918366593
918366696
918359105
918357667
313716461
335221195
384876806
947212432
813052942
918357379
918276871
421156105
259125268
376501584
396535043
403971425
346282432
336120228
452126804
440923414
293305535
942249423
433108869
489554089
262663653
501914191
468633553
379761684
330632919
960852788
247111322
331650944
431706400
422632816
394348444
241645138
224452471
960067853
278122015
286387078
419841020
252638444
918355004
400369395
918359901
361418620
322260172
402923558
282287435
962177538
416302798
469822168
941932360
287920868
936716887
231665865
960273198
225494434
960464237
353085000
401803862
223234733
895207698
234389002
296784852
282652529
255019353
961383633
319261898
961450444
360874315
918354724
918345494
345255966
359725830
357360260
293668320
940496721
344521313
377798618
289885320
346680526
265465461
369564203
424705511
275445281
377120763
960186272
368863131
279411895
330240093
423426376
284468569
355174532
345276852
279066738
284366062
333966653
283380357
265942703
371850521
918358558
351001656
340762541
882182470
264730029
354538595
366917424
345216081
962174018
315894369
223641905
907398145
225816653
961747197
305813879
961471234
228616252
228465628
221063081
302865882
221413778
233585544
269061629
240453868
229321034
249377093
296295190
234808954
962033036
245924855
408177501
231678072
227521161
259408954
233927121
873090474
223626519
897927966
878966197
941092833
244822007
304125043
229545310
882178283
918347946
944907999
708403464
233214677
83277775
858565415
233089855
256149588
368280452
32533874
257739771
361073730
918317646
960068889
941680526
239319989
918366677
233703293
233621735
236134277
267718299
255962305
293477041
200427850
918355537
918354855
452717688
356715395
255929316
315759565
350905851
353765589
340628656
245337617
273556481
936252093
918278580
920521577
222442647
907425620
889950574
202519672
222771582
222695096
228503295
222610839
227758584
221200321
234637978
231343786
882181074
225380922
882180243
882179583
889758299
261745211
593533478
301485141
230380743
882180410
889754171
262626289
961865269
943071316
918359777
256451674
912666271
918274480
249050958
570172836
961587711
918317305
221278986
361805000
310525189
222592761
882177628
222650590
224453710
938734761
954401317
960290627
260325258
244746167
329208664
882179754
242678182
239752676
240920187
280061111
361452568
918354316
253390544
254826734
862280171
918277052
334042084
226175507
945987777
918277031
961931692
938819061
918320446
192316591
228394814
27984319
359499537
365658368
289398409
232560753
222984205
429705513
936445388
882182465
918357879
469588874
943659827
387993655
962076402
235048384
510427819
889805211
882180011
827787695
879438958
885879039
313990011
961893480
889117308
513027763
233582100
884092580
892469703
892977983
893155707
892826833
892286161
885494891
961823461
956605903
956233518
941483101
915167130
427445926
882177385
882178471
882178993
882178878
882181499
882181262
882180538
882180994
882181558
882177657
256582068
850441759
222915365
949260048
947967792
960297229
256328518
860098531
900995808
960185418
960068219
936717078
936717175
270973687
960057508
960062298
960185836
730297836
943991789
918277075
312144964
322274052
437025963
310739908
456798544
534785768
254922960
886131204
259804915
36579358
927139522
244879880
919562011
376745342
908726696
952197767
250253298
915970269
255644589
118300369
263060346
220893685
221735186
918288924
278832620
892901369
234898694
882179336
262828345
960486673
937028937
932999509
304783094
896536463
918278281
882179421
428376636
327620755
261140135
912861953
266484451
449020138
918279189
962234209
962075931
953241774
120205653
333082935
307880224
221400879
233151980
448079158
224131700
319833444
226187306
141569432
65818192
227321984
47201837
200052497
222114989
893401210
260654627
918353343
918355415
918355470
296343683
916328714
291482583
279267618
280879747
264271987
284458166
350940611
430250721
896698183
887424869
397148757
927140810
228641847
946749437
269417619
918251781
918271430
927128875
882178498
559379540
922857585
882180253
927139351
357380592
918280328
960185940
245597500
856604024
282963980
439205433
919728493
914755038
960068734
288664205
466372520
280615413
342856162
918279164
892261277
35675992
304358201
363453390
83354662
918317729
311040581
320841493
233755420
332675089
239979794
300458008
962210894
354716362
302623055
262303805
961975297
235044049
230325186
280091264
882180196
944238496
160421359
359352647
236327507
230919527
918353513
918280227
959939516
870229897
962188797
228731771
383973459
332416996
57801682
918277213
918277504
224622260
340624624
284142047
882179593
889755475
234008695
283618541
339642200
325820930
432691193
306896968
885744224
422960383
428327999
237484158
231896504
256269302
240282492
231203726
882181104
917131371
914760796
267836799
247788237
222665453
235361434
236843514
237642753
234836716
886142473
242527991
234643201
293212501
315347756
882181130
882180358
308404131
600878193
298291589
889755663
365450937
894375697
274234090
343643547
918279368
960185574
924223628
601402625
235721963
940369776
308161476
959484954
286814771
918345762
230119571
237555135
178847050
949260221
234663530
882178263
230571920
231115299
263827941
814247565
892696118
231708106
261677488
908408802
234711528
280562839
397573546
918353930
882182474
882181659
936251508
430273415
916340452
308045097
122942354
914984931
397945133
549332225
238800903
315511215
918355482
247873829
227673579
881755004
308366889
337114507
227701188
918357515
270042441
289703883
315614654
935801215
902037482
911553791
366473507
285906033
937037243
388562606
269691877
961720071
47695778
327840030
288410659
916340368
286075986
917133156
916493277

949265230
949259616
308115928
234670980
273244399
962185894
335932839
949258698
250809881
437769059
960845144
235339791
235647110
918353478
228806607
266135439
265585355
257985574
200063053
319227986
349377377
229271555
234628122
234292435
260822078
240691735
247833785
239337971
234682396
229273207
229023605
236026773
229886142
326281363
241305915
579829406
238725592
962237037
263552267
453720899
918313989
937013690
882180053
247837282
239044756
232155180
257860408
229062554
228865102
399961261
927123780
227722395
962010454
308719687
261009519
882182074
960067597
354633658
961726046
255312010
961969808
918354626
230137755
332520215
250276261
585544466
228983176
262924579
263435454
232484337
872470035
322069200
230589524
231976477
240259619
247616935
269057473
259818453
242526103
916327913
231758926
249138353
962019230
396340780
438743888
240365788
960160405
240976622
961650265
242769996
961689158
229929139
240290453
940762812
891909016
247012282
233879779
961997554
333755404
256980065
895957020
379793262
910258487
702328028
902133448
879141652
504640368
959974193
353135364
232274986
300104205
227680085
247667398
959666651
268660502
248654920
581345441
255557670
246727551
268296873
246623698
255371837
399374231
325932358
375403543
262726205
233099732
961449698
237335592
944075468
960186308
882178759
960061701
248958737
224483109
918283732
752587028
376755483
960905671
331088057
882180874
918346487
222524218
220909806
280139368
960057413
276286034
959997331
254735246
422491831
230537051
286983738
258914516
265138963
238713152
882177880
962082116
961997023
311109663
238098965
315126030
331705168
266373220
222604765
246400766
353157248
265795604
438510691
235583481
270223847
162875318
223680886
351768603
238667926
228065114
227571230
918280370
957380774
221276058
244141363
223242672
229122529
943299493
962159125
262381598
234950579
225286862
462316661
275042558
241715496
330622633
334346976
263507529
961311570
220966738
378240939
236701932
358435227
232944801
231260934
960944084
229836502
252619192
250652513
233724763
917463086
236283455
422737484
229893468
961370953
961370540
961555765
234619349
277456903
228112079
377778373
416951751
223674043
242164553
344056317
322796408
499789210
328508553
961370961
961370663
245694695
334159398
309166398
244170472
960067330
237153595
922163625
885403485
935500137
233517593
230677329
224679952
345325878
961003731
461061322
961578954
960186354
241701343
283412934
517157253
228077559
396427749
231772858
226118523
325895593
233463910
441963728
960068367
888348460
894059378
931110289
331711820
406000619
916851135
235955937
227655733
460560733
319249532
918278180
242147161
328357915
146124049
918283588
249007010
231610830
254350232
239819544
229297573
262047943
551725298
428947533
409477005
959941060
961922919
261072513
918354339
323991204
341249758
578954424
960184538
342474618
571476761
256790323
235658884
223355482
222514444
268543185
338004439
495688160
238033494
227254529
347511206
512426464
342797234
885080875
950354472
294041442
263477420
397563713
287393110
340827232
279868807
333710548
348356402
718791407
354387464
741143381
407639024
334071413
467642665
391973131
286702813
346034055
449693885
888317632
960458578
282493082
283988489
342679499
739820152
254627100
315820863
902502156
868088081
882180161
510894756
260422214
321597609
918346511
960881842
416479454
887706712
333133790
221212192
230119695
224132896
962041642
418172332
422224497
279553564
237504613
936251064
422873214
928553721
311602798
288401215
331903136
710568694
427674932
249916523
267751137
918350678
949263332
221006407
337864832
329700909
295221754
221587045
321802621
914787496
882181259
918353719
718807902
235815654
882177510
918354255
962241360
346054092
339381317
961375404
32595059
366156933
267664642
918283561
328024621
239587818
331504467
582648487
889760112
918354278
311708955
402895797
962177569
918355404
368142368
961864634
412620975
173705651
882179380
322764725
222792652
577568548
221928154
321949909
70322447
881968546
429577964
457348877
961935641
884712941
883944476
884824497
884391978
884198624
893000958
883292303
962052491
961307756
960943931
353049300
882181282
850430580
882180995
882179734
320548555
882181136
889755449
225747376
335692738
339440038
221555003
516739856
926702774
959758393
366502512
882177801
200656618
361609016
936716989
468754132
927132161
579832767
960184483
290733495
907918988
353767963
962056128
200551277
935601982
233358169
390889162
170961146
313523287
248856216
449505814
960977140
263572668
248094149
340456227
361956111
948890533
268062267
296366645
235981702
152244653
918355557
294690063
369683166
281266915
237573113
857334637
356894683
82579199
265430014
918364507
917102924
889868955
427335763
233558135
234460364
398922773
335251581
307530490
227847715
882179468
943442857
918354188
426975926
250848789
918281776
918276990
918272615
393751478
474692412
60500893
283736306
918279242
850171380
260568280
241724724

962347816
331454893
451110334
959263365
294011500
347755571
265887731
228953174
448894224
347754317
228962910
236258213
228941816
246838864
225731853
232303071
279909448
893387968
280235129
351736688
850580229
427248273
894517146
889756183
221204557
892949151
320645595
882455445
828308249
269217426
375280842
344806215
392871381
238209159
238064544
287469005
882180988
258244401
255149653
366266818
896706677
238573268
937028744
242108362
882179742
918282387
292271403
354513906
278436067
909563035
943074186
223864346
918317288
309722089
962180168
323403138
958123404
231258216
441185773
882180085
336162731
279308095
258360212
260899953
924616500
297720192
908996321
960186169
918283648
454404205
221787216
253209910
962342949
882182417
962314102
331921309
269087009
404807414
962159518
412058292
237923625
200508165
166933531
563649931
916327648
916327511
224318840
224395062
882179606
229464937
916340230
333335070
283263221
250295364
961259625
250645959
240252828
876731624
944007222
222301828
235129670
882179950
248564019
248825806
264809600
892699765
892249158
884208478
892309348
884638750
884411337
893028791
959885785
959324674
956033686
133775687
744713592
889756078
234514647
237933584
233617301
460214065
333984730
246495241
242818323
882178787
882178824
850504283
882181666
882182387
244222445
228953300
232546511
233119798
232485559
918317160
220761345
897253432
228171984
224246064
927123138
960057272
934054501
909819913
909378033
329083451
249198590
962361522
231515124
345688773
223122955
889957354
221000668
918283780
235655361
571402616
275616940
236401108
257806309
229532490
912596982
238120155
239559037
242717055
918283670
223183703
882181755
241508523
251150095
346287378
230985472
343390786
933951729
957169084
907814776
882182210
